1000000010000000 0000000100000000	8080    32767	1
0000000100000000 0000001000000000	0100    32767	1
1000000110000000 0000001100000000	8180    32767	1
0000001000000000 0000010000000000	0200    32767	1
1000001010000000 0000010100000000	8280    32767	1
0000001100000000 0000011000000000	0300    32767	1
1000001110000000 0000011100000000	8380    32767	1
0000010000000000 0000100000000000	0400    32767	1
1000010010000000 0000100100000000	8480    32767	1
0000010100000000 0000101000000000	0500    32767	1
1000010110000000 0000101100000000	8580    32767	1
0000011000000000 0000110000000000	0600    32767	1
1000011010000000 0000110100000000	8680    32767	1
0000011100000000 0000111000000000	0700    32767	1
1000011110000000 0000111100000000	8780    32767	1
0000100000000000 0001000000000000	0800    32767	1
1000100010000000 0001000100000000	8880    32767	1
0000100100000000 0001001000000000	0900    32767	1
1000100110000000 0001001100000000	8980    32767	1
0000101000000000 0001010000000000	0a00    32767	1
1000101010000000 0001010100000000	8a80    32767	1
0000101100000000 0001011000000000	0b00    32767	1
1000101110000000 0001011100000000	8b80    32767	1
0000110000000000 0001100000000000	0c00    32767	1
1000110010000000 0001100100000000	8c80    32767	1
0000110100000000 0001101000000000	0d00    32767	1
1000110110000000 0001101100000000	8d80    32767	1
0000111000000000 0001110000000000	0e00    32767	1
1000111010000000 0001110100000000	8e80    32767	1
0000111100000000 0001111000000000	0f00    32767	1
1000111110000000 0001111100000000	8f80    32767	1
0001000000000000 0010000000000000	1000    32767	1
1001000010000000 0010000100000000	9080    32767	1
0001000100000000 0010001000000000	1100    32767	1
1001000110000000 0010001100000000	9180    32767	1
0001001000000000 0010010000000000	1200    32767	1
1001001010000000 0010010100000000	9280    32767	1
0001001100000000 0010011000000000	1300    32767	1
1001001110000000 0010011100000000	9380    32767	1
0001010000000000 0010100000000000	1400    32767	1
1001010010000000 0010100100000000	9480    32767	1
0001010100000000 0010101000000000	1500    32767	1
1001010110000000 0010101100000000	9580    32767	1
0001011000000000 0010110000000000	1600    32767	1
1001011010000000 0010110100000000	9680    32767	1
0001011100000000 0010111000000000	1700    32767	1
1001011110000000 0010111100000000	9780    32767	1
0001100000000000 0011000000000000	1800    32767	1
1001100010000000 0011000100000000	9880    32767	1
0001100100000000 0011001000000000	1900    32767	1
1001100110000000 0011001100000000	9980    32767	1
0001101000000000 0011010000000000	1a00    32767	1
1001101010000000 0011010100000000	9a80    32767	1
0001101100000000 0011011000000000	1b00    32767	1
1001101110000000 0011011100000000	9b80    32767	1
0001110000000000 0011100000000000	1c00    32767	1
1001110010000000 0011100100000000	9c80    32767	1
0001110100000000 0011101000000000	1d00    32767	1
1001110110000000 0011101100000000	9d80    32767	1
0001111000000000 0011110000000000	1e00    32767	1
1001111010000000 0011110100000000	9e80    32767	1
0001111100000000 0011111000000000	1f00    32767	1
1001111110000000 0011111100000000	9f80    32767	1
0010000000000000 0100000000000000	2000    32767	1
1010000010000000 0100000100000000	a080    32767	1
0010000100000000 0100001000000000	2100    32767	1
1010000110000000 0100001100000000	a180    32767	1
0010001000000000 0100010000000000	2200    32767	1
1010001010000000 0100010100000000	a280    32767	1
0010001100000000 0100011000000000	2300    32767	1
1010001110000000 0100011100000000	a380    32767	1
0010010000000000 0100100000000000	2400    32767	1
1010010010000000 0100100100000000	a480    32767	1
0010010100000000 0100101000000000	2500    32767	1
1010010110000000 0100101100000000	a580    32767	1
0010011000000000 0100110000000000	2600    32767	1
1010011010000000 0100110100000000	a680    32767	1
0010011100000000 0100111000000000	2700    32767	1
1010011110000000 0100111100000000	a780    32767	1
0010100000000000 0101000000000000	2800    32767	1
1010100010000000 0101000100000000	a880    32767	1
0010100100000000 0101001000000000	2900    32767	1
1010100110000000 0101001100000000	a980    32767	1
0010101000000000 0101010000000000	2a00    32767	1
1010101010000000 0101010100000000	aa80    32767	1
0010101100000000 0101011000000000	2b00    32767	1
1010101110000000 0101011100000000	ab80    32767	1
0010110000000000 0101100000000000	2c00    32767	1
1010110010000000 0101100100000000	ac80    32767	1
0010110100000000 0101101000000000	2d00    32767	1
1010110110000000 0101101100000000	ad80    32767	1
0010111000000000 0101110000000000	2e00    32767	1
1010111010000000 0101110100000000	ae80    32767	1
0010111100000000 0101111000000000	2f00    32767	1
1010111110000000 0101111100000000	af80    32767	1
0011000000000000 0110000000000000	3000    32767	1
1011000010000000 0110000100000000	b080    32767	1
0011000100000000 0110001000000000	3100    32767	1
1011000110000000 0110001100000000	b180    32767	1
0011001000000000 0110010000000000	3200    32767	1
1011001010000000 0110010100000000	b280    32767	1
0011001100000000 0110011000000000	3300    32767	1
1011001110000000 0110011100000000	b380    32767	1
0011010000000000 0110100000000000	3400    32767	1
1011010010000000 0110100100000000	b480    32767	1
0011010100000000 0110101000000000	3500    32767	1
1011010110000000 0110101100000000	b580    32767	1
0011011000000000 0110110000000000	3600    32767	1
1011011010000000 0110110100000000	b680    32767	1
0011011100000000 0110111000000000	3700    32767	1
1011011110000000 0110111100000000	b780    32767	1
0011100000000000 0111000000000000	3800    32767	1
1011100010000000 0111000100000000	b880    32767	1
0011100100000000 0111001000000000	3900    32767	1
1011100110000000 0111001100000000	b980    32767	1
0011101000000000 0111010000000000	3a00    32767	1
1011101010000000 0111010100000000	ba80    32767	1
0011101100000000 0111011000000000	3b00    32767	1
1011101110000000 0111011100000000	bb80    32767	1
0011110000000000 0111100000000000	3c00    32767	1
1011110010000000 0111100100000000	bc80    32767	1
0011110100000000 0111101000000000	3d00    32767	1
1011110110000000 0111101100000000	bd80    32767	1
0011111000000000 0111110000000000	3e00    32767	1
1011111010000000 0111110100000000	be80    32767	1
0011111100000000 0111111000000000	3f00    32767	1
1011111110000000 0111111100000000	bf80    32767	1
0100000000000000 1000000000000001	4000    32767	1
1100000010000000 1000000100000001	c080    32767	1
0100000100000000 1000001000000001	4100    32767	1
1100000110000000 1000001100000001	c180    32767	1
0100001000000000 1000010000000001	4200    32767	1
1100001010000000 1000010100000001	c280    32767	1
0100001100000000 1000011000000001	4300    32767	1
1100001110000000 1000011100000001	c380    32767	1
0100010000000000 1000100000000001	4400    32767	1
1100010010000000 1000100100000001	c480    32767	1
0100010100000000 1000101000000001	4500    32767	1
1100010110000000 1000101100000001	c580    32767	1
0100011000000000 1000110000000001	4600    32767	1
1100011010000000 1000110100000001	c680    32767	1
0100011100000000 1000111000000001	4700    32767	1
1100011110000000 1000111100000001	c780    32767	1
0100100000000000 1001000000000001	4800    32767	1
1100100010000000 1001000100000001	c880    32767	1
0100100100000000 1001001000000001	4900    32767	1
1100100110000000 1001001100000001	c980    32767	1
0100101000000000 1001010000000001	4a00    32767	1
1100101010000000 1001010100000001	ca80    32767	1
0100101100000000 1001011000000001	4b00    32767	1
1100101110000000 1001011100000001	cb80    32767	1
0100110000000000 1001100000000001	4c00    32767	1
1100110010000000 1001100100000001	cc80    32767	1
0100110100000000 1001101000000001	4d00    32767	1
1100110110000000 1001101100000001	cd80    32767	1
0100111000000000 1001110000000001	4e00    32767	1
1100111010000000 1001110100000001	ce80    32767	1
0100111100000000 1001111000000001	4f00    32767	1
1100111110000000 1001111100000001	cf80    32767	1
0101000000000000 1010000000000001	5000    32767	1
1101000010000000 1010000100000001	d080    32767	1
0101000100000000 1010001000000001	5100    32767	1
1101000110000000 1010001100000001	d180    32767	1
0101001000000000 1010010000000001	5200    32767	1
1101001010000000 1010010100000001	d280    32767	1
0101001100000000 1010011000000001	5300    32767	1
1101001110000000 1010011100000001	d380    32767	1
0101010000000000 1010100000000001	5400    32767	1
1101010010000000 1010100100000001	d480    32767	1
0101010100000000 1010101000000001	5500    32767	1
1101010110000000 1010101100000001	d580    32767	1
0101011000000000 1010110000000001	5600    32767	1
1101011010000000 1010110100000001	d680    32767	1
0101011100000000 1010111000000001	5700    32767	1
1101011110000000 1010111100000001	d780    32767	1
0101100000000000 1011000000000001	5800    32767	1
1101100010000000 1011000100000001	d880    32767	1
0101100100000000 1011001000000001	5900    32767	1
1101100110000000 1011001100000001	d980    32767	1
0101101000000000 1011010000000001	5a00    32767	1
1101101010000000 1011010100000001	da80    32767	1
0101101100000000 1011011000000001	5b00    32767	1
1101101110000000 1011011100000001	db80    32767	1
0101110000000000 1011100000000001	5c00    32767	1
1101110010000000 1011100100000001	dc80    32767	1
0101110100000000 1011101000000001	5d00    32767	1
1101110110000000 1011101100000001	dd80    32767	1
0101111000000000 1011110000000001	5e00    32767	1
1101111010000000 1011110100000001	de80    32767	1
0101111100000000 1011111000000001	5f00    32767	1
1101111110000000 1011111100000001	df80    32767	1
0110000000000000 1100000000000001	6000    32767	1
1110000010000000 1100000100000001	e080    32767	1
0110000100000000 1100001000000001	6100    32767	1
1110000110000000 1100001100000001	e180    32767	1
0110001000000000 1100010000000001	6200    32767	1
1110001010000000 1100010100000001	e280    32767	1
0110001100000000 1100011000000001	6300    32767	1
1110001110000000 1100011100000001	e380    32767	1
0110010000000000 1100100000000001	6400    32767	1
1110010010000000 1100100100000001	e480    32767	1
0110010100000000 1100101000000001	6500    32767	1
1110010110000000 1100101100000001	e580    32767	1
0110011000000000 1100110000000001	6600    32767	1
1110011010000000 1100110100000001	e680    32767	1
0110011100000000 1100111000000001	6700    32767	1
1110011110000000 1100111100000001	e780    32767	1
0110100000000000 1101000000000001	6800    32767	1
1110100010000000 1101000100000001	e880    32767	1
0110100100000000 1101001000000001	6900    32767	1
1110100110000000 1101001100000001	e980    32767	1
0110101000000000 1101010000000001	6a00    32767	1
1110101010000000 1101010100000001	ea80    32767	1
0110101100000000 1101011000000001	6b00    32767	1
1110101110000000 1101011100000001	eb80    32767	1
0110110000000000 1101100000000001	6c00    32767	1
1110110010000000 1101100100000001	ec80    32767	1
0110110100000000 1101101000000001	6d00    32767	1
1110110110000000 1101101100000001	ed80    32767	1
0110111000000000 1101110000000001	6e00    32767	1
1110111010000000 1101110100000001	ee80    32767	1
0110111100000000 1101111000000001	6f00    32767	1
1110111110000000 1101111100000001	ef80    32767	1
0111000000000000 1110000000000001	7000    32767	1
1111000010000000 1110000100000001	f080    32767	1
0111000100000000 1110001000000001	7100    32767	1
1111000110000000 1110001100000001	f180    32767	1
0111001000000000 1110010000000001	7200    32767	1
1111001010000000 1110010100000001	f280    32767	1
0111001100000000 1110011000000001	7300    32767	1
1111001110000000 1110011100000001	f380    32767	1
0111010000000000 1110100000000001	7400    32767	1
1111010010000000 1110100100000001	f480    32767	1
0111010100000000 1110101000000001	7500    32767	1
1111010110000000 1110101100000001	f580    32767	1
0111011000000000 1110110000000001	7600    32767	1
1111011010000000 1110110100000001	f680    32767	1
0111011100000000 1110111000000001	7700    32767	1
1111011110000000 1110111100000001	f780    32767	1
0111100000000000 1111000000000001	7800    32767	1
1111100010000000 1111000100000001	f880    32767	1
0111100100000000 1111001000000001	7900    32767	1
1111100110000000 1111001100000001	f980    32767	1
0111101000000000 1111010000000001	7a00    32767	1
1111101010000000 1111010100000001	fa80    32767	1
0111101100000000 1111011000000001	7b00    32767	1
1111101110000000 1111011100000001	fb80    32767	1
0111110000000000 1111100000000001	7c00    32767	1
1111110010000000 1111100100000001	fc80    32767	1
0111110100000000 1111101000000001	7d00    32767	1
1111110110000000 1111101100000001	fd80    32767	1
0111111000000000 1111110000000001	7e00    32767	1
1111111010000000 1111110100000001	fe80    32767	1
0111111100000000 1111111000000001	7f00    32767	1
1111111110000000 1111111100000001	ff80    32767	1
