0 0 0 black   0  black   0 0 0 0
0 0 1 red     1    red  30 1 0 0
0 1 0 blue    2   blue  11 0 0 1
0 1 1 magenta 3 violet  41 1 0 1
1 0 0 green   4  green  59 0 1 0
1 0 1 yellow  5 yellow  89 1 1 0
1 1 0 aqua    6   cyan  70 0 1 1
1 1 1 white   7  white 100 1 1 1

G B R 8X      I   CDP %LUM R G B

              r.               i2               b4
              -1                2                3

              r8              i16              b32
               4                5                6

             r64             i128             b256
               2               -3               -4

            r512              i1k              b2k
               5                6                7

             r4k              i8k             b16k
               3                4               -5

            r32k             i64k            r128k
              -6               -7               -1

 0 0000    . 0000000000000000
 1 0001    2 0000000000001110
 2 0010    4 0000000011100000
 3 0011    8 0000000011101110
 4 0100   16 0000111000000000
 5 0101   32 0000111000001110
 6 0110   64 0000111011100000
         128 0000111101111000
         256 0000111110111110
 7 0111  512 0000111011101110
 8 1000   1k 1110000000000000
 9 1001   2k 1110000000001110
10 1010   4k 1110000011100000
15 1111   8k 1110111011101110
         16k 0111101111011110
         32k 0111110110111110
         64k 0111111001111110
        128k 1111111111111110
